0.09 0.05 0.98 0.61 0.78 0.32 0.79 0.08 0.47 0.48 
0.3 0.88 0.61 0.38 0.47 0.38 0.9 0.45 0.23 0.56 0.24 0.65 0.44 0.21 0.04 0.95 
0.61 0.44 0.41 0.73 0.03 0.89 0.71 0.72 1 0.31 0.45 0.93 0.95 0.24 0.4 0.34 0.21 0.7 0.89 0.35 
0.36 0.48 0.04 0.36 0.29 0.33 0.05 0.48 0.2 0.33 
0.6 0.39 0.45 0.87 0.61 0.75 0.9 0.13 0 0.99 
0.05 0.91 0.64 0.1 0.26 0.09 0.11 0.56 0.37 0.11 
0.2 0.17 0.17 0.5 0.82 0.18 0.17 0.16 0.4 0.9 
0.93 0.97 0.96 0.21 0.98 0.88 0.57 0.61 0.89 0.98 
0.17 0.19 0.84 0.63 0.71 0.28 0.83 0.26 0.88 0.44 
0.93 0.81 0.46 0.24 0.93 0.62 0.23 0.91 0.02 0.89 
0.4 0.95 0.57 0.38 0.36 0.02 0.61 0.21 0.29 0.3 
1 0.19 0.86 0.68 0.24 0.44 0.4 0.86 0.44 0.26 
0.11 0.16 0.24 0.74 0.47 0.34 0.1 0.36 0.25 0.37 
0.06 0.55 0.08 0.21 0.53 0.92 0.08 0.16 0.72 0.48 
0.86 0.82 0.21 0.75 0.98 0.97 0.86 0.52 0.9 0.44 
0.24 0.11 0.48 0.09 0.98 0.99 0.41 0.33 0.23 0.85 
0.74 0.75 0.4 0.93 0.7 0.76 0.81 0.81 0.52 0.56 
0.76 0.8 0.54 0.74 0.13 0.8 0.58 0.13 0.67 0.64 
0.79 0.44 0.98 0.27 0.66 0.03 0.55 0.01 0.39 0.3 
0.4 0.13 0.81 0.93 0.18 0.91 0.55 0.48 0.87 0.2 0.76 0.45 0.16 0.85 0.83 0.68 
0.25 0.7 0.29 0.3 0.32 0.95 0.97 0.2 0.82 0.14 0.17 0.04 0.68 0.29 0.43 0.74 
0.07 0.59 0.71 0.36 0.69 0.77 0.75 0.18 0.2 0.73 0.92 0.05 0.9 1 0.58 0.38 
0.09 0.57 0.42 0.28 0.28 0.15 0.3 0.88 0.58 0.12 0.85 0.68 0.29 0.53 0.77 0.29 
0.4 0.21 0.27 0.11 0.57 0.35 0.88 0.8 0.34 0.03 0.93 0.36 0.29 0.33 0.7 0.19 
0.34 0.58 0.9 0.22 0.83 0.22 0.54 0.86 0.06 0.01 0.48 0.05 0.13 0.28 0.84 0.77 
0.91 0.78 0.05 0.68 0.6 0.62 0.3 0.72 0.27 0.14 0.75 0.05 0.53 0.73 0.87 0.01 
0.01 0.79 0.3 0.11 0.35 0.4 0.23 0.01 0.01 0.05 0.88 0.42 0.22 0.66 0.6 0.88 
0.67 0.21 0.13 0.71 0.93 0.95 0.33 0.63 0.58 0.1 0.02 0.41 0 0.65 0.71 0.68 
0.16 0.33 0.38 0.41 0.19 0.46 0.87 0.34 0.17 0.52 0.97 0.96 0.8 0.02 0.75 0.55 
0.4 0.26 0.35 0.57 0.95 0.23 0.74 0.08 0.31 0.75 1 0.29 0.24 0.8 0.62 0.39 
0.56 0.08 0.47 0.13 0.81 0.02 0.97 0.32 0.44 0.63 0.27 0.65 0.79 0.44 0.65 0.12 
0.69 0.1 0.64 0.53 0.3 0.22 0.98 0.93 0.55 0.64 0.02 0.02 0.71 0.16 0.06 0.14 
0.76 0.7 0.12 0.34 0.47 0.4 0.71 0.25 0.08 0.91 0.57 0.4 0.63 0.21 0.16 0.84 
0.15 0.99 0.08 0.42 0.9 0.81 0.67 0.33 0.85 0.99 0.74 0.63 0.11 0.26 0.28 0.74 
0.88 0.86 0.39 0.78 0.24 0.01 0.78 0.21 0.5 0.51 0.22 0.24 0.75 0.24 0.94 0.62 
0.45 0.49 0.93 0.37 0.41 0.54 0.66 0.73 0.32 0.19 0.79 0.16 0.29 0.47 0.89 0.35 
0.66 0.61 0.13 0.25 0.46 0.14 0.76 0.1 0.56 0.49 0.73 0.23 0.51 0.21 0.65 0.75 
0.83 0.23 0.4 0.24 0.81 0.67 0.15 0.61 0.6 0.98 0.51 0.25 0.01 0.82 0.96 0.95 
0.75 0.6 0.79 0.54 0.71 0.02 0.61 0.17 0.6 0.27 0.71 0.58 0.53 0.09 0.23 0.44 
0.43 0.33 0.13 0.91 0.29 0.72 0.3 1 0.29 0.1 0.4 0.68 0.74 0.04 0.52 0.86 0.35 0.82 0.35 0.61 
0.79 0.88 0.2 0.48 0.99 0.85 0.06 0.08 0.11 0.84 0.08 0.15 0.44 0.65 0.21 0.41 0.86 0.9 0.69 0.98 
0.65 0.72 0.51 0.68 0.17 0.04 0.22 0.67 0.18 0.73 0.54 0.99 0.35 0.47 0.76 0.01 0.24 0.14 0.6 0.55 
0.92 0.81 0.98 0.15 0.63 0.24 0.41 0.06 0.21 0.1 0.31 0.32 0.21 0.97 0.04 0.65 0.82 0.49 0.94 0.88 
0.52 0.26 0.78 0.22 0.26 0.26 0.42 0.89 0.67 0.43 0.9 0.37 0.74 0.02 0.15 0.62 0.23 0.95 0.66 0.8 
0.42 0.93 0.34 0.15 0.73 0.91 0.02 0.11 0.01 0.66 0.74 0.79 0.55 0.86 0.49 0.9 0.1 1 0.71 0.81 
0.73 0.14 0.74 0.1 0.32 0.54 0.08 0.99 0.96 0.63 0.44 0.53 0.66 0.67 0.18 0.53 0.81 0.09 0.95 0.94 
0.63 0.17 0.62 0.96 0.04 0.25 0.36 0.43 0.37 0.06 0.48 0.05 0.45 0.36 0.99 0.74 0.5 0.91 0.16 0.03 
0.67 0.63 0.09 0.35 0.51 0.29 0.29 0.18 0.8 0.42 0.96 0.39 0.63 0.69 0.95 0.41 0.84 0.26 0.54 0 
0.69 0.59 0.64 0.37 0.23 0.93 0 0.99 0.96 0.11 0.85 0.8 0.11 0.65 0.83 0.79 0.34 0.04 0.19 0.22 
0.38 0.95 0.83 0.06 0.94 0.22 0.56 0.43 0.19 0.59 0.55 0.49 0.49 0.81 0.77 0.78 0.63 0.99 0.07 0.59 
0.15 0.98 0.37 0.36 0.53 1 0.23 0.52 0.21 0.42 0.78 0.24 0.27 0.51 0.01 0.83 0.45 0.39 0.52 0.53 
0.42 0 0.95 0.51 0.01 0.34 0.05 0.2 0.06 0.63 0.37 0.73 0.37 0.99 0.76 0.94 0.31 0.29 0.81 0.83 
0.87 0.34 0.41 0.36 0.21 0.99 0.23 0.89 0.73 0.59 0.51 0.73 0.86 0.15 0.84 0.99 0.21 0.81 0.33 0.36 
0.6 0.41 0.79 0.43 0.47 0.92 0.53 0.07 0.3 0.09 0.42 0.1 0.99 0.84 0.11 0.8 0.1 0.61 0.53 0.27 
0.13 0.37 0.45 0.26 0.3 0.05 0.05 0.13 0.83 0.22 0.66 0.68 0.72 0.92 0.47 0.63 0.22 0.66 0.69 0.71 
0.81 0.58 0.41 0.25 0.37 0.77 0.1 0.54 0.05 0.65 0.47 0.48 0.31 0.41 0.17 0.76 0.15 0.32 0.69 0.03 
0.83 0.17 0.14 0.62 0.1 0.1 0.57 0.81 0.09 0.8 0.89 0.13 0.19 0.23 0.36 0.7 0.77 0.98 0.25 0.7 
0.46 0.85 0.93 0.02 0.69 0.77 0.42 0.49 0.28 0.92 0.26 0.66 0.46 0.91 0.98 0.3 0.18 0.81 0.96 0.08 
0.49 0.61 0.4 0.9 0.39 0.48 0.45 0.06 0.47 0.29 0.9 0.01 0.18 0.86 0.17 0.58 0.82 0.5 0.31 0.37 
0.56 0.84 0.02 0.24 0.34 0.07 0.68 0.82 0.55 0.05 0.05 0.23 0.81 0.18 0.31 0.46 0.23 0.91 0.98 0.53 
0.15 0.36 0.21 0.89 0.56 0.23 0.38 0.95 0.63 0.61 0.88 0.86 0.92 0.99 0.34 0.22 0.2 0.79 0.15 0.46 
0.39 0.08 0.45 0.97 0.95 0.64 0.48 0.51 0.61 0.75 0.39 0.3 0.31 0.11 0.95 0.53 0.36 0.59 0.54 0.4 
0.87 0.11 0.04 0.47 0.75 0.19 0.87 0.15 0.16 0.63 0.33 0.92 0.23 0.74 0.99 0.68 0.36 0.57 0.37 0.13 
0.1 0.85 0.85 0.18 0.09 0 0.09 0.06 1 0.44 0.77 0.79 0.96 0.28 0.59 0.83 0.01 0.32 0.68 0.18 
1 0.08 0.83 0.08 0.76 0.76 0.06 0.24 0.01 0.91 0.7 0.19 0.96 0.64 0.62 0.54 0.5 0.78 0.43 0.45 
0.86 0.21 0.21 0.1 0.14 0.07 0.15 0.04 0.62 0.14 0.14 0.36 0.32 0.15 0.72 0.5 0.11 0.25 0.11 0.21 
0.42 0.64 0.51 0.5 0.82 0.24 0.45 0.9 0.17 0.42 0.36 0.29 0.41 0.37 0.84 0.94 0.33 0.71 0.33 0.93 
0.58 0.78 0.63 0.56 0.98 0.23 0.59 0.11 0.35 0.49 0.4 0.64 0.92 0.22 0.93 0.95 0.56 0.34 0.02 0.24 
0.74 0.49 0.06 0.27 0.42 0.29 0.5 0.9 0.83 0.52 0.18 0.31 0.42 0.06 0.89 0.11 0.64 0.6 0.24 0.51 
0.81 0.96 0.76 0.7 0.75 0.9 0.85 0.08 0.62 0.69 0.93 0.26 0.33 0.92 0.09 0.29 0.98 0.25 0.45 0.16 
0.62 0.12 0.01 0.16 0.54 0.97 1 0.39 0.65 0.3 0.52 0.49 0.02 0.3 0.14 0.7 0.18 0.62 0.08 1 
0.62 0.36 0.42 0.1 0.51 0.22 0.47 0.5 0.47 0.59 0.94 0.51 0.48 0.82 0.03 0.37 0.5 0.7 0.45 0.32 
0.72 0.43 0.51 0.67 0.28 0.53 0.55 0.88 1 0.03 0.82 0.24 0.51 0.38 0.63 0.07 0.61 0.72 0.46 0.55 
0.34 0.98 0.92 0.3 0.47 0.15 0.96 0.64 0.32 0.73 0.14 0.56 0.71 0.29 0.77 0.6 0.29 0.54 0.35 0.16 
0.49 0.48 0.15 0.77 0.41 0.77 0.98 0.48 0.09 0.74 0.81 0.18 0.05 0.69 0.38 0.03 0.42 0.69 0.26 0.01 
0.52 0.55 0.42 0.21 0.83 0.04 0.79 0.93 0.83 0.29 0.36 0.05 0.48 0.55 0.99 0.62 0.75 0.48 0.71 0.79 
0.94 0.12 0.73 0.78 0.1 0.78 0.54 0.67 0.89 0.48 0.38 0.81 0.74 0.12 0.9 0.55 0.54 0.39 0.84 0.94 
0.56 0.65 0.67 0.54 0.36 0.39 0.81 0.48 0.71 0.95 0.8 0.04 0.53 0.01 0.24 0.25 0.58 0.93 0.8 0.32 
0.2 0.49 0.65 0.67 0.53 0.34 0.6 0.84 1 0.32 0.69 0.43 0.86 0.38 0.82 0.86 0.31 1 0.8 0.56 
0.78 0.06 0.64 0.33 0.91 0.22 0.75 0.47 0.91 0.56 0.08 0.68 0.97 0.15 0.75 0.19 0.93 0 0.14 0.95 
0.28 0.48 0.46 0.31 0.9 0.87 0.74 0.15 0.89 0.6 0.17 0.57 0.64 0.64 0.48 0.73 0.52 0.83 0.51 0.2 
0.23 0.3 0.49 0.45 0 0.37 0.3 0.21 0.08 0.49 0.14 0.88 0.17 0.8 0.18 0.12 0.55 0.69 0.8 0.71 
0.35 0 0.37 0.02 0.85 0.41 0.56 0.61 0.9 0.89 0.34 0.92 0.04 0.55 0.95 0.5 0.12 0.41 0.27 0.81 
0.66 0.98 0.6 0.09 0.56 0.76 0.69 0.36 0.59 0.18 0.08 0.96 0.19 0.27 0.89 0.25 0.55 0.69 0.27 0.22 
0.11 0.58 0.67 0.54 0.43 0.74 0.69 0.72 0.52 0.13 0.56 0.09 0.19 0.26 0.4 0.78 0.27 0.23 0.31 0.17 
0.41 0.33 0.37 0.23 0.72 0.14 0.58 0.94 0.96 0.59 0.83 0.98 0.63 0.78 0.68 0.15 0.92 0.2 0.78 0.12 
0.47 0.31 0.84 0.32 0.4 0.46 0.73 0.13 0.4 0.66 0.13 0.78 0.28 0.85 0.02 0.69 0.48 0.65 0.09 0.1 
0.14 0.26 0.77 0.86 0.02 0.03 0.54 0.31 0.21 0.21 0.99 0.21 0.94 0.06 0.41 0.07 1 0.63 0.42 0.37 
0.25 0.72 0.34 0.07 0.64 0.22 0.98 0.85 0.28 0.47 0.55 0.94 0.36 0.33 0.59 0.01 0.36 0.18 0.15 0.8 
0.94 0.63 0.11 0.17 0 0.55 0.8 0.47 0.06 0.39 0.35 0.29 0.86 0.81 0.87 0.17 0.82 0.42 0.98 0.89 
0.18 0.45 0.44 0.64 0.19 0.32 0.22 0.91 0.29 0.75 0.64 0.32 0.13 0.09 0.62 0.22 0.24 0.95 0.33 0.28 
0.38 0.3 0.54 0.99 0.58 0 0.01 0.86 0.18 0.91 0.23 0.05 0.02 0.1 0.73 0.24 0.51 0.69 0.32 0.4 
0.81 0.78 0.05 0.44 0.49 0.29 0.59 0.6 0.36 0.27 0.92 0.63 0.66 0.28 0.25 0.85 0.51 0.65 0.59 0.39 
0.7 0.58 0.67 0.28 0.49 0.36 0.05 0.99 0.39 0.92 0.09 0.71 0.18 0.33 0.23 0.32 0.69 0.37 0.33 0.83 
0.88 0.51 0.29 0.91 0.03 0.7 0.35 0.43 0.07 0.2 0.17 0.59 0.22 0.28 0.46 0.4 0.38 0.55 0.67 0.08 
0.65 0.4 0.6 0.29 0.34 0.43 0.64 0.24 0.44 0.42 0.62 0.17 1 0.63 0.54 0.54 0.41 0.08 0.83 0.01 
0.42 0.82 0.83 0.47 0.79 0.89 0.22 0.4 0.41 0.98 0.6 0.81 0.53 0.58 0.76 0.96 0.62 0.35 0.95 0.13 
0.39 0.97 0.63 0.32 0.71 0.56 0.65 0.52 1 0.65 0.23 0.18 0.35 0.04 0.85 0.87 0.29 0.03 0.29 0.4 
0.45 0.5 0.81 0.66 0.78 0.09 0.34 0.91 0.57 0.65 0.2 0.27 0.75 0.91 0.41 0.29 0.42 0.65 0.99 0.88 
0.03 0.76 0.98 0.94 0.17 0.88 0.16 0.11 0.7 0.56 0.25 0.55 0.71 0.24 0.18 0.09 0.73 0.35 0.69 0.56 
0.44 0.56 0.5 0.34 0.76 0.3 0.84 0.36 0.63 0.79 0.96 0.32 0.81 0.56 0.76 0.04 0.78 0.08 0.46 0.2 
1 0.51 0.15 0.02 0.55 0.45 0.84 0.07 0.15 0.5 0.26 0.29 0.86 0.89 0.14 0.8 0.7 0.99 0.37 0.71 
0.2 0.15 0.62 0.07 0.18 0.8 0.83 0.97 0.27 0.32 0.8 0.5 0.74 0.64 0.3 0.13 0.25 0.62 0.48 0.94 
0.9 0.76 0.69 0.22 0.12 0.38 0.95 0.35 0.31 0.86 0.6 0.23 0.16 0.01 0.53 0.43 0.94 0.59 0.3 0.35 
0.28 0.2 0.6 0.75 0.86 0.37 0.57 0.34 0.34 0.52 0.07 0.23 0.79 0.68 0.71 0.22 0.8 0.79 0.05 0.18 
0.37 0.56 0.26 0.27 0.44 0.62 0.74 0.23 1 0.62 1 0.69 0.42 0.16 0.76 0.91 0.98 0.76 0.11 0 
0.93 0.48 0.49 0.9 0.6 0.85 0.79 0.28 0.37 0.56 0.56 0.76 0.68 0.5 0.66 0.45 0.09 0.51 0.51 0.06 
0.63 0.82 0.87 0.35 0.24 0.92 0.55 0.88 0.62 0.85 0.52 0.77 0.59 0.21 0.64 0.23 0.35 0.78 0.38 0.29 
0.9 0.09 0.45 0.28 0.5 0.86 0.37 0.72 0.55 0.31 0.59 0.8 0.7 0.26 0.02 0.01 0.56 0.6 0.69 0.37 
0.81 0.07 0.22 0.15 0.04 0.43 0.1 0.19 0.75 0.59 0.67 0.43 0.8 0.66 0.97 0.95 0.14 0.71 0.11 0.88 
0.38 0.08 0.66 0.77 0.67 0.41 0.84 0.64 0.27 0.43 0.03 0.32 0.12 0.75 0.08 0.95 0.38 0.22 0.97 0.84 
0.88 0.02 0.07 0.31 0.18 0.47 0.94 0.58 0.04 0.77 0.03 0.03 0.64 0.26 0.17 0.43 0.44 0.15 0.54 0.52 
0.82 0.05 0.17 0.16 0.76 0.24 0.82 0.29 0.94 0.27 0.21 0.27 0.48 0.59 0.5 0.15 0.55 0.3 0.88 0.52 
0 0.49 0.7 0.6 0.95 0.87 0.53 0.31 0.85 0.33 0.79 0.34 0.18 0.4 0.34 0.57 0.23 0.83 0.12 0.72 
0.16 0.48 0.18 0.15 0.59 0.11 0.06 0.73 0.61 0.78 0.91 0.79 0.86 0.53 0.09 0.41 0.71 0.73 0.16 0.02 
0.44 0.79 0.22 0.56 0.71 0.62 0.28 0.46 0.67 0.27 0.43 0.52 0.02 0.03 0.59 0.34 0.57 0.81 0.51 1 
0.22 0.04 0.93 0.31 1 0.18 0.06 0.91 0.74 0.81 0.6 0.69 0.08 0.3 0.08 0.92 0 0.01 0.65 0.67 
0.78 0.79 0.29 0.72 0.04 0.23 0.17 0.52 0.95 0 0.7 0.92 0.19 0.1 0.65 0.84 0.89 0.48 0.31 0.23 
0.39 0.76 0.43 0.67 0.27 0.11 0.43 0.72 0.37 0.27 0.31 0.41 0.61 0.96 0.83 0.46 0.53 0.66 0.8 0.84 
0.14 0.42 0.18 0.45 0.55 0.63 0.82 0.48 0.43 0.79 0.96 0.44 0.54 0.48 0.72 0.68 0.5 0.84 0.32 0.17 
0.02 0.94 0.2 0.12 0.5 0.96 0.88 0.94 0.19 0.42 0.05 0.6 0.75 0.1 0.68 0.31 0.44 0.89 0.99 0.14 
1 0.41 0.55 0.27 0.58 0.02 0.33 0.81 0.29 0.65 0.54 0.34 0.3 0.66 0.06 0.18 1 0.31 0.97 0.76 
1 0.61 0.63 0.99 0.69 0.26 0.9 0.21 0.99 0.49 0.62 0.41 0.57 0.66 0.91 0.94 0.89 0.82 0.92 0.39 
0.54 0.1 0.86 0.59 0.38 0.93 0.64 0.64 0.37 0.45 0.65 0.86 0.42 0.74 0.26 0.59 0.46 0.92 0.81 0.3 
0.39 0.66 0.09 0.49 0.14 0.78 0.99 0.36 0.48 0.72 0.18 0.1 0.96 0.79 0.9 0 0.66 0.2 0.95 0.48 
0.34 1 0.6 0.6 0.5 0.27 0.5 0.78 0.18 0.52 0.53 0.61 0.82 0.39 0.15 0.71 0.62 0.92 0.33 0.48 
0.1 0.41 0.62 0.47 0.47 0.63 0.27 0.84 0.35 0.51 0.91 0.61 0.11 0.18 0.78 0.48 0.47 0.68 0.36 0.73 
0.31 0.6 0.33 0.9 0.97 0.84 0.91 0.3 0.62 0.69 0.62 0.82 0.4 0.39 0.21 0.89 0.61 0.02 0.76 0.64 
0.36 0.12 0.8 0.48 0.93 0.58 0.27 0.49 0.16 0.23 0.21 0.43 1 0.14 0.48 0.35 0.51 0.86 0.94 0.77 
0.98 0.21 0.21 0.93 0.17 0.75 0.74 0.03 0.05 0 0.81 0.38 0.97 0 0.5 0.18 0.14 0.83 0.61 0.87 
0.45 0.93 0.8 0.22 0.32 0.36 0.63 0.91 0.78 0.97 0.61 0.51 0.37 0.61 0.07 0.04 0.13 0.22 0.44 0.94 
0.39 0.34 0.6 0.36 0.69 0.84 0 0.46 0.95 0.73 0.16 0.19 0.64 0.3 0.33 0.82 0.82 0.19 0.77 0.34 
0.93 0.54 0.23 0.62 0.83 0.81 0.42 0.35 1 0.41 0.82 0.87 0.1 0.88 0.75 0.47 0.17 0.96 0.8 0.87 
0.2 0.15 0.87 0.88 0.67 0.86 0.25 0.74 0.16 0.92 0.83 0.33 0.77 0.48 0.58 0.24 0.83 0.2 0.91 0.24 
0.98 0.45 0.96 0 0.41 0.79 0.12 0.42 0.44 0.99 0.4 0.9 0.7 0.59 0.24 0.79 0.47 0.08 0.49 0.73 
0.98 0.17 0.64 0.27 0.96 0.97 0.67 0.21 0.46 0.35 0.9 0.05 0.98 0.77 0.19 0.37 0.97 0.28 0.76 0.14 
0.89 0.67 1 0.83 0.23 0.28 0.19 0.25 0.79 0.29 0.47 0.03 0.43 0.77 0.86 1 0.95 0.45 0.56 0.71 
0.82 0.49 0.6 0.81 0.14 0 0.33 0.33 0.92 0.64 0.8 0.95 0.47 1 0.26 0.18 0.23 0.82 0.39 0.45 
0.3 0.38 0.84 0.14 0.62 0.72 0.13 0.49 0.89 0.93 0.53 0.15 0.61 0.99 0.09 0.12 0.44 0.98 0.42 0.47 
