3.57393 4.70365 2.1745 4.14211 3.16734 4.80089 6.46573 6.98806 0 0 0 0 0 0 0 0 
0.997021 1.43553 0.65548 1.11461 0.94807 1.4764 1.83524 2.07692 0 0 0 0 0 0 0 0 
0.28336 0.398129 0.174299 0.338002 0.261107 0.415208 0.509959 0.552047 0 0 0 0 0 0 0 0 
0.0851692 0.121948 0.0504229 0.0983637 0.0740159 0.127941 0.152632 0.160853 0 0 0 0 0 0 0 0 
0.0216356 0.0292899 0.012767 0.0244494 0.0205565 0.0299106 0.0386612 0.0429507 0 0 0 0 0 0 0 0 
0.00581435 0.00768505 0.00392734 0.00642433 0.00526942 0.00810595 0.0105237 0.0116207 0 0 0 0 0 0 0 0 
0.00180721 0.00224074 0.00111019 0.0019786 0.00151407 0.00235486 0.00301069 0.0034047 0 0 0 0 0 0 0 0 
0.0004506 0.000571863 0.000297323 0.000488511 0.000441284 0.00062961 0.000729058 0.000898658 0 0 0 0 0 0 0 0 
0.00012949 0.000172671 8.54862e-05 0.00014519 0.000122104 0.00018214 0.000230608 0.000263027 0 0 0 0 0 0 0 0 
3.66707e-05 4.76765e-05 2.32695e-05 4.00505e-05 3.47588e-05 5.12966e-05 6.02086e-05 6.72334e-05 0 0 0 0 0 0 0 0 
9.96097e-06 1.3847e-05 6.1972e-06 1.0873e-05 9.09553e-06 1.40376e-05 1.73052e-05 1.9334e-05 0 0 0 0 0 0 0 0 
2.96179e-06 3.89642e-06 1.788e-06 3.38345e-06 2.69095e-06 3.99733e-06 5.17973e-06 5.69247e-06 0 0 0 0 0 0 0 0 
7.71195e-07 1.05583e-06 4.84984e-07 8.84897e-07 7.25851e-07 1.07458e-06 1.41446e-06 1.5257e-06 0 0 0 0 0 0 0 0 
2.22763e-07 2.88703e-07 1.36668e-07 2.53769e-07 2.01183e-07 3.08135e-07 3.95081e-07 4.34087e-07 0 0 0 0 0 0 0 0 
6.33369e-08 8.16202e-08 3.85448e-08 7.4677e-08 5.5842e-08 8.53627e-08 1.10946e-07 1.23771e-07 0 0 0 0 0 0 0 0 
1.8159e-08 2.53162e-08 1.07589e-08 2.10922e-08 1.67269e-08 2.64216e-08 3.33363e-08 3.58462e-08 0 0 0 0 0 0 0 0 
6.47383e-09 7.35489e-09 3.5766e-09 7.10402e-09 5.36708e-09 7.54977e-09 1.06939e-08 1.23168e-08 0 0 0 0 0 0 0 0 
3.03204e-09 3.63888e-09 1.50255e-09 3.3398e-09 2.4016e-09 3.80485e-09 5.35485e-09 5.60985e-09 0 0 0 0 0 0 0 0 
2.07227e-09 2.33943e-09 9.44848e-10 2.2231e-09 1.46691e-09 2.44053e-09 3.67888e-09 3.71708e-09 0 0 0 0 0 0 0 0 
1.74605e-09 1.93854e-09 7.6227e-10 1.84945e-09 1.21664e-09 2.04596e-09 3.07733e-09 3.10658e-09 0 0 0 0 0 0 0 0 
1.67595e-09 1.89528e-09 7.1837e-10 1.78709e-09 1.15972e-09 1.99541e-09 3.02176e-09 3.01205e-09 0 0 0 0 0 0 0 0 
1.53349e-09 1.73263e-09 6.57832e-10 1.62953e-09 1.06335e-09 1.82417e-09 2.76763e-09 2.75855e-09 0 0 0 0 0 0 0 0 
1.62054e-09 1.81335e-09 6.92775e-10 1.71588e-09 1.11823e-09 1.91224e-09 2.91198e-09 2.91041e-09 0 0 0 0 0 0 0 0 
1.6452e-09 1.84258e-09 7.05073e-10 1.74202e-09 1.13241e-09 1.94233e-09 2.96098e-09 2.95369e-09 0 0 0 0 0 0 0 0 
1.65919e-09 1.85868e-09 7.1124e-10 1.75709e-09 1.14312e-09 1.95999e-09 2.98646e-09 2.98134e-09 0 0 0 0 0 0 0 0 
